111111111bbb111111111
11111a111000111111111
111110000000111111111
111100000000111111111
111000000000111111111
110000000000111111111
d0000000000000000000c
110000000000000000111
110000000000000000111
110000000000000000111
110000000000000000111
111111111111111111111
111111111111111111111

111111111111111111111
111111111111111111111
110000000000000000111
110000000000000000111
110000000000000000111
110000100000001000111
110000000000000000111
1100000000t0000000111
110000000000000000111
110000000000000000111
110000000000000000111
111111111000111111111
111111111aaa111111111

111111111111111111111
111111111111111111111
110000000000000000111
110000000000000000111
110000000000000000111
110000100010001000111
110000000000000000111
1100000000t0000000111
110000000000000000111
110000000000000000111
110000000000000000111
111111111000111111111
111111111aaa111111111

111111111111111111111
111111111011111111111
110000000000110000111
100010110000000000011
g0001011000000001000h
g0000000000000000000h
g0001011000000001000h
g0000000000000000000h
g00010100000000000001
100010110000000010011
110000000000110000111
111111111000111111111
111111111bbb111111111

1111e1ee1eee1e1ee1e11
111101001000101001011
111000000000000000000
111000000000000000000
110000001000101101000
100101000000000000000
c00000001000101001000
100100000000000000000
100000000000000000000
110000001000101001000
110000000000000000000
111111111111111111111
111111111111111111111

111001001000101001011
111001001000101001011
110000000000000000011
100000000000000000011
h00001000000100001011
h01000000000000000000
h00001001001101001000
h00000000000000000000
h00000000000000000000
100001000000100001011
110000000000000000011
111101001001101001011
1111e1ee1eee1e1ee1e11

111111111111111fff111
111111110111111000111
000000000000000000111
000000000000000000111
000000000010000000011
000000000000010000001
00110011001000000000d
000000000000010000001
000000000000010000011
000000000010000000111
000000000000000000111
111111111111111111111
111111111111111111111

111111111111111111111
111111111011111111111
000000000000000000111
000011111000000000011
00000000000000000000g
00000000001111000000g
00001111100000000000g
00000000001111000000g
000011111000000000001
000011111000000000011
000000000000000000111
111111111111111000111
111111111111111fff111